[gd_resource type="SkeletonProfile" format=3 uid="uid://t70y1qphnbrf"]

[resource]
root_bone = &"ValveBiped.Bip01_Pelvis"
group_size = 1
bone_size = 56
groups/0/group_name = &""
bones/0/bone_name = &"ValveBiped.Bip01_Pelvis"
bones/0/bone_parent = &""
bones/0/tail_direction = 0
bones/0/reference_pose = Transform3D(1, 0, 7.152535e-07, 0, 1, 0, -7.152535e-07, 0, 1, -5.8725007e-05, 0.96417296, 0.013281526)
bones/0/handle_offset = Vector2(0.50022894, 0.4331846)
bones/0/group = &""
bones/0/require = false
bones/1/bone_name = &"ValveBiped.Bip01_Spine"
bones/1/bone_parent = &"ValveBiped.Bip01_Pelvis"
bones/1/tail_direction = 0
bones/1/reference_pose = Transform3D(5.722045e-06, -1.1324875e-06, 0.9999998, 0.9962783, 0.086194225, -5.603135e-06, -0.08619424, 0.9962781, 1.62148e-06, 1.2499491e-07, 0.08362818, -0.07454748)
bones/1/handle_offset = Vector2(0.500229, 0.39186537)
bones/1/group = &""
bones/1/require = false
bones/2/bone_name = &"ValveBiped.Bip01_Spine1"
bones/2/bone_parent = &"ValveBiped.Bip01_Spine"
bones/2/tail_direction = 0
bones/2/reference_pose = Transform3D(0.9995731, 0.029216796, 1.4653119e-06, -0.029216796, 0.9995731, 2.4483575e-07, -1.457533e-06, -2.8754295e-07, 1, 0.10045833, 7.301877e-07, -1.5210404e-08)
bones/2/handle_offset = Vector2(0.5002293, 0.34241536)
bones/2/group = &""
bones/2/require = false
bones/3/bone_name = &"ValveBiped.Bip01_Spine2"
bones/3/bone_parent = &"ValveBiped.Bip01_Spine1"
bones/3/tail_direction = 0
bones/3/reference_pose = Transform3D(0.99497145, -0.10015866, -4.410635e-05, 0.10015866, 0.99497145, -4.269663e-06, 4.43122e-05, -1.6944023e-07, 1, 0.08796368, -2.9053493e-07, -3.5898182e-09)
bones/3/handle_offset = Vector2(0.5002295, 0.29924375)
bones/3/group = &""
bones/3/require = false
bones/4/bone_name = &"ValveBiped.Bip01_Spine4"
bones/4/bone_parent = &"ValveBiped.Bip01_Spine2"
bones/4/tail_direction = 0
bones/4/reference_pose = Transform3D(0.9812208, -0.19288802, 5.314641e-05, 0.19288804, 0.9812207, 8.784739e-08, -5.216531e-05, 1.01651085e-05, 1, 0.22356607, -1.4895349e-07, -2.5966784e-08)
bones/4/handle_offset = Vector2(0.5002348, 0.18879649)
bones/4/group = &""
bones/4/require = false
bones/5/bone_name = &"ValveBiped.Bip01_Neck1"
bones/5/bone_parent = &"ValveBiped.Bip01_Spine4"
bones/5/tail_direction = 0
bones/5/reference_pose = Transform3D(0.93124956, 0.36437893, 2.0233561e-05, 0.36437857, -0.9312505, 3.1143202e-06, 1.9977288e-05, 4.4724716e-06, -0.99999994, 0.082681924, -4.9171996e-07, 6.723873e-09)
bones/5/handle_offset = Vector2(0.5002346, 0.14859682)
bones/5/group = &""
bones/5/require = false
bones/6/bone_name = &"ValveBiped.Bip01_Head1"
bones/6/bone_parent = &"ValveBiped.Bip01_Neck1"
bones/6/tail_direction = 0
bones/6/reference_pose = Transform3D(0.9545231, -0.29813695, 1.1429332e-05, 0.29813695, 0.9545231, 8.196854e-06, -1.3353346e-05, -4.41658e-06, 1, 0.089842856, -9.705782e-07, 2.069217e-08)
bones/6/handle_offset = Vector2(0.50023526, 0.110797316)
bones/6/group = &""
bones/6/require = false
bones/7/bone_name = &"ValveBiped.forward"
bones/7/bone_parent = &"ValveBiped.Bip01_Head1"
bones/7/tail_direction = 0
bones/7/reference_pose = Transform3D(2.8967861e-05, -0.24656595, 0.96912605, 0, 0.96912616, 0.24656592, -1.0000001, -7.1424874e-06, 2.8073506e-05, 0.049997833, -0.074999854, -1.6703154e-09)
bones/7/handle_offset = Vector2(0.50023586, 0.09599376)
bones/7/group = &""
bones/7/require = false
bones/8/bone_name = &"ValveBiped.Bip01_R_Clavicle"
bones/8/bone_parent = &"ValveBiped.Bip01_Spine4"
bones/8/tail_direction = 0
bones/8/reference_pose = Transform3D(-0.4304761, 0.88492304, -0.17776714, 0.07921736, -0.15914863, -0.98407125, -0.89911884, -0.43770137, -0.0015915828, 0.05083414, 0.025018968, -0.04844023)
bones/8/handle_offset = Vector2(0.4763012, 0.16628101)
bones/8/group = &""
bones/8/require = false
bones/9/bone_name = &"ValveBiped.Bip01_R_UpperArm"
bones/9/bone_parent = &"ValveBiped.Bip01_R_Clavicle"
bones/9/tail_direction = 0
bones/9/reference_pose = Transform3D(0.8981699, -0.0036829174, 0.43963313, 0.4396329, -0.0009418537, -0.8981769, 0.0037219822, 0.9999927, 0.000773187, 0.15070368, 2.1373853e-07, -3.4895493e-08)
bones/9/handle_offset = Vector2(0.4093529, 0.19887257)
bones/9/group = &""
bones/9/require = false
bones/10/bone_name = &"ValveBiped.Bip01_R_Forearm"
bones/10/bone_parent = &"ValveBiped.Bip01_R_UpperArm"
bones/10/tail_direction = 0
bones/10/reference_pose = Transform3D(1, -9.802575e-13, -1.0311353e-06, 4.3557719e-10, 0.99999994, 0.00042147422, 1.0311353e-06, -0.00042147422, 0.99999994, 0.2923139, 2.339948e-08, 9.987707e-08)
bones/10/handle_offset = Vector2(0.26492646, 0.19856244)
bones/10/group = &""
bones/10/require = false
bones/11/bone_name = &"ValveBiped.Bip01_R_Hand"
bones/11/bone_parent = &"ValveBiped.Bip01_R_Forearm"
bones/11/tail_direction = 0
bones/11/reference_pose = Transform3D(0.98592275, -0.10621507, -0.12913002, 0.12915118, -0.006708028, 0.99160224, -0.1061893, -0.99432045, 0.007104207, 0.2870424, -6.267801e-07, 4.3968612e-08)
bones/11/handle_offset = Vector2(0.12310457, 0.19825807)
bones/11/group = &""
bones/11/require = false
bones/12/bone_name = &"ValveBiped.Anim_Attachment_RH"
bones/12/bone_parent = &"ValveBiped.Bip01_R_Hand"
bones/12/tail_direction = 0
bones/12/reference_pose = Transform3D(-0.985415, 0.13110578, 0.10848351, 0.108331814, -0.008310198, 0.99408, 0.13123117, 0.99133354, -0.006013934, 0.066901915, -0.042811863, 5.6810677e-08)
bones/12/handle_offset = Vector2(0.08824012, 0.21569946)
bones/12/group = &""
bones/12/require = false
bones/13/bone_name = &"ValveBiped.Bip01_R_Finger4"
bones/13/bone_parent = &"ValveBiped.Bip01_R_Hand"
bones/13/tail_direction = 0
bones/13/reference_pose = Transform3D(0.7915246, 0.59063333, -0.15697475, -0.5939642, 0.6830097, -0.42509317, -0.14385894, 0.42970905, 0.8914341, 0.09649185, -0.0033153296, 0.02982773)
bones/13/handle_offset = Vector2(0.077881545, 0.19480309)
bones/13/group = &""
bones/13/require = false
bones/14/bone_name = &"ValveBiped.Bip01_R_Finger41"
bones/14/bone_parent = &"ValveBiped.Bip01_R_Finger4"
bones/14/tail_direction = 0
bones/14/reference_pose = Transform3D(0.86299056, 0.41507286, -0.28803077, -0.4297823, 0.9028339, 0.013344943, 0.26558307, 0.11227398, 0.9575281, 0.03281389, -2.8312206e-07, -5.2154064e-08)
bones/14/handle_offset = Vector2(0.0638867, 0.20296982)
bones/14/group = &""
bones/14/require = false
bones/15/bone_name = &"ValveBiped.Bip01_R_Finger42"
bones/15/bone_parent = &"ValveBiped.Bip01_R_Finger41"
bones/15/tail_direction = 0
bones/15/reference_pose = Transform3D(0.97029364, 0.2418571, -0.005953951, -0.2418526, 0.9703119, 0.0014758257, 0.006134128, 7.994298e-06, 0.99998116, 0.018234108, 3.2410026e-07, 1.7136335e-07)
bones/15/handle_offset = Vector2(0.05946392, 0.21081772)
bones/15/group = &""
bones/15/require = false
bones/16/bone_name = &"ValveBiped.Bip01_R_Finger3"
bones/16/bone_parent = &"ValveBiped.Bip01_R_Hand"
bones/16/tail_direction = 0
bones/16/reference_pose = Transform3D(0.75410056, 0.6552124, 0.045045976, -0.6381455, 0.7472163, -0.18557544, -0.1552504, 0.11119666, 0.981597, 0.09855734, 0.0012572708, 0.01077617)
bones/16/handle_offset = Vector2(0.075885355, 0.19238994)
bones/16/group = &""
bones/16/require = false
bones/17/bone_name = &"ValveBiped.Bip01_R_Finger31"
bones/17/bone_parent = &"ValveBiped.Bip01_R_Finger3"
bones/17/tail_direction = 0
bones/17/reference_pose = Transform3D(0.855134, 0.4956469, -0.15192015, -0.500751, 0.86557484, 0.0053331377, 0.13414161, 0.07151362, 0.9883784, 0.038477417, 6.891787e-08, 7.450581e-09)
bones/17/handle_offset = Vector2(0.060056627, 0.2028769)
bones/17/group = &""
bones/17/require = false
bones/18/bone_name = &"ValveBiped.Bip01_R_Finger32"
bones/18/bone_parent = &"ValveBiped.Bip01_R_Finger31"
bones/18/tail_direction = 0
bones/18/reference_pose = Transform3D(0.90860045, 0.41757417, -0.008779635, -0.4175547, 0.9086429, 0.0040313704, 0.00966095, 3.0727222e-06, 0.99995327, 0.029908277, 1.2293458e-07, -2.2351742e-08)
bones/18/handle_offset = Vector2(0.053733557, 0.21623257)
bones/18/group = &""
bones/18/require = false
bones/19/bone_name = &"ValveBiped.Bip01_R_Finger2"
bones/19/bone_parent = &"ValveBiped.Bip01_R_Hand"
bones/19/tail_direction = 0
bones/19/reference_pose = Transform3D(0.74671704, 0.6331234, 0.20388307, -0.6485037, 0.7611232, 0.01159463, -0.1478393, -0.14087686, 0.97892654, 0.0970914, -0.0012594638, -0.01077605)
bones/19/handle_offset = Vector2(0.07506698, 0.19364053)
bones/19/group = &""
bones/19/require = false
bones/20/bone_name = &"ValveBiped.Bip01_R_Finger21"
bones/20/bone_parent = &"ValveBiped.Bip01_R_Finger2"
bones/20/tail_direction = 0
bones/20/reference_pose = Transform3D(0.8768597, 0.48072317, -0.004734989, -0.48061553, 0.876348, -0.031981576, -0.011224788, 0.030319057, 0.9994774, 0.0429896, 2.7613714e-07, -3.7252903e-08)
bones/20/handle_offset = Vector2(0.057533383, 0.20559382)
bones/20/group = &""
bones/20/require = false
bones/21/bone_name = &"ValveBiped.Bip01_R_Finger22"
bones/21/bone_parent = &"ValveBiped.Bip01_R_Finger21"
bones/21/tail_direction = 0
bones/21/reference_pose = Transform3D(0.9766784, 0.21466345, -0.0043553035, -0.21466129, 0.9766882, 0.00095778, 0.0044593737, -5.2797037e-07, 0.99999, 0.030229356, -6.519258e-08, -2.514571e-08)
bones/21/handle_offset = Vector2(0.050753683, 0.21889928)
bones/21/group = &""
bones/21/require = false
bones/22/bone_name = &"ValveBiped.Bip01_R_Finger1"
bones/22/bone_parent = &"ValveBiped.Bip01_R_Hand"
bones/22/tail_direction = 0
bones/22/reference_pose = Transform3D(0.75441533, 0.56335473, 0.33688116, -0.6459961, 0.72822225, 0.22886983, -0.11638946, -0.39028683, 0.913307, 0.09649579, -0.0037245979, -0.033281997)
bones/22/handle_offset = Vector2(0.073765755, 0.19481638)
bones/22/group = &""
bones/22/require = false
bones/23/bone_name = &"ValveBiped.Bip01_R_Finger11"
bones/23/bone_parent = &"ValveBiped.Bip01_R_Finger1"
bones/23/tail_direction = 0
bones/23/reference_pose = Transform3D(0.87486, 0.4619451, 0.14569393, -0.46078715, 0.8864362, -0.043657586, -0.14931577, -0.028939612, 0.98836595, 0.04298565, 1.5739352e-07, -1.6391277e-07)
bones/23/handle_offset = Vector2(0.056166112, 0.20670202)
bones/23/group = &""
bones/23/require = false
bones/24/bone_name = &"ValveBiped.Bip01_R_Finger12"
bones/24/bone_parent = &"ValveBiped.Bip01_R_Finger11"
bones/24/tail_direction = 0
bones/24/reference_pose = Transform3D(0.9702943, 0.2418938, -0.00407908, -0.2418917, 0.9703027, 0.0010160594, 0.004203722, 8.1902107e-07, 0.9999912, 0.027491646, 1.1827797e-07, -1.1175871e-08)
bones/24/handle_offset = Vector2(0.050000012, 0.2188048)
bones/24/group = &""
bones/24/require = false
bones/25/bone_name = &"ValveBiped.Bip01_R_Finger0"
bones/25/bone_parent = &"ValveBiped.Bip01_R_Hand"
bones/25/tail_direction = 0
bones/25/reference_pose = Transform3D(0.5879306, 0.6126589, -0.5281918, -0.16826826, -0.5460538, -0.82067716, -0.79121625, 0.57137907, -0.21795076, 0.0201503, -0.008996368, -0.032958318)
bones/25/handle_offset = Vector2(0.110675365, 0.20149869)
bones/25/group = &""
bones/25/require = false
bones/26/bone_name = &"ValveBiped.Bip01_R_Finger01"
bones/26/bone_parent = &"ValveBiped.Bip01_R_Finger0"
bones/26/tail_direction = 0
bones/26/reference_pose = Transform3D(0.7773639, -0.41284305, 0.4746221, 0.51758176, 0.84858584, -0.10959548, -0.35751197, 0.33085126, 0.8733399, 0.04474467, 2.3283064e-08, 1.6018748e-07)
bones/26/handle_offset = Vector2(0.0951688, 0.2036815)
bones/26/group = &""
bones/26/require = false
bones/27/bone_name = &"ValveBiped.Bip01_R_Finger02"
bones/27/bone_parent = &"ValveBiped.Bip01_R_Finger01"
bones/27/tail_direction = 0
bones/27/reference_pose = Transform3D(0.93483335, -0.35497257, -0.009000445, 0.35495627, 0.93487656, -0.0034030266, 0.009622286, -1.3501573e-05, 0.9999536, 0.030175177, -3.017485e-07, -2.0675361e-07)
bones/27/handle_offset = Vector2(0.08035505, 0.20388114)
bones/27/group = &""
bones/27/require = false
bones/28/bone_name = &"ValveBiped.Bip01_L_Clavicle"
bones/28/bone_parent = &"ValveBiped.Bip01_Spine4"
bones/28/tail_direction = 0
bones/28/reference_pose = Transform3D(-0.43277732, 0.8840759, 0.17638797, 0.074990764, -0.15967767, 0.9843166, 0.8983761, 0.4392173, 0.0028073534, 0.050833903, 0.025018882, 0.04844149)
bones/28/handle_offset = Vector2(0.5241687, 0.1662809)
bones/28/group = &""
bones/28/require = false
bones/29/bone_name = &"ValveBiped.Bip01_L_UpperArm"
bones/29/bone_parent = &"ValveBiped.Bip01_L_Clavicle"
bones/29/tail_direction = 0
bones/29/reference_pose = Transform3D(0.8974385, 0.001642704, -0.44113654, 0.44113907, -0.0018134117, 0.897437, 0.00067427754, -0.999997, -0.0023521185, 0.15070176, 1.0530857e-07, 3.661262e-08)
bones/29/handle_offset = Vector2(0.5910612, 0.19898406)
bones/29/group = &""
bones/29/require = false
bones/30/bone_name = &"ValveBiped.Bip01_L_Forearm"
bones/30/bone_parent = &"ValveBiped.Bip01_L_UpperArm"
bones/30/tail_direction = 0
bones/30/reference_pose = Transform3D(1, 7.035219e-06, -1.1179826e-06, -7.035029e-06, 0.9999999, 0.00017083455, 1.1191844e-06, -0.00017083452, 1, 0.2923142, 7.6182187e-07, 3.6762503e-07)
bones/30/handle_offset = Vector2(0.73548776, 0.19867387)
bones/30/group = &""
bones/30/require = false
bones/31/bone_name = &"ValveBiped.Bip01_L_Hand"
bones/31/bone_parent = &"ValveBiped.Bip01_L_Forearm"
bones/31/tail_direction = 0
bones/31/reference_pose = Transform3D(0.9852732, -0.10521733, 0.13478126, 0.13373673, -0.016952872, -0.99087185, 0.10654182, 0.99430466, -0.0026317888, 0.287042, 2.1196902e-06, -3.7918653e-07)
bones/31/handle_offset = Vector2(0.8773095, 0.19836953)
bones/31/group = &""
bones/31/require = false
bones/32/bone_name = &"ValveBiped.Anim_Attachment_LH"
bones/32/bone_parent = &"ValveBiped.Bip01_L_Hand"
bones/32/tail_direction = 0
bones/32/reference_pose = Transform3D(0.98475635, 0.13592526, 0.10853316, -0.10731808, -0.016257286, 0.9940919, 0.13688667, -0.9905856, -0.0014222289, 0.06690194, -0.042811565, -2.514571e-08)
bones/32/handle_offset = Vector2(0.9121307, 0.21580943)
bones/32/group = &""
bones/32/require = false
bones/33/bone_name = &"ValveBiped.Bip01_L_Finger4"
bones/33/bone_parent = &"ValveBiped.Bip01_L_Hand"
bones/33/tail_direction = 0
bones/33/reference_pose = Transform3D(0.78603375, 0.59901863, 0.15273425, -0.59939295, 0.6780593, 0.42539853, 0.15125877, -0.42592537, 0.892025, 0.09648876, -0.0035606134, -0.029799482)
bones/33/handle_offset = Vector2(0.9224295, 0.19492331)
bones/33/group = &""
bones/33/require = false
bones/34/bone_name = &"ValveBiped.Bip01_L_Finger41"
bones/34/bone_parent = &"ValveBiped.Bip01_L_Finger4"
bones/34/tail_direction = 0
bones/34/reference_pose = Transform3D(0.8908602, 0.37365967, 0.2583533, -0.38666815, 0.9222188, -0.00049803656, -0.23844436, -0.09945332, 0.9660503, 0.03281039, -2.2351742e-07, -4.4703484e-08)
bones/34/handle_offset = Vector2(0.93635607, 0.20320329)
bones/34/group = &""
bones/34/require = false
bones/35/bone_name = &"ValveBiped.Bip01_L_Finger42"
bones/35/bone_parent = &"ValveBiped.Bip01_L_Finger41"
bones/35/tail_direction = 0
bones/35/reference_pose = Transform3D(0.97029555, 0.2418743, 0.004833019, -0.24187139, 0.9703076, -0.0011910949, -0.0049776104, -1.3254932e-05, 0.9999876, 0.01823034, -1.7508864e-07, 8.195639e-08)
bones/35/handle_offset = Vector2(0.9411643, 0.210819)
bones/35/group = &""
bones/35/require = false
bones/36/bone_name = &"ValveBiped.Bip01_L_Finger3"
bones/36/bone_parent = &"ValveBiped.Bip01_L_Hand"
bones/36/tail_direction = 0
bones/36/reference_pose = Transform3D(0.7612668, 0.64602983, -0.05584434, -0.6261992, 0.75478727, 0.19537377, 0.16836789, -0.11376188, 0.9791376, 0.09855428, 0.001168719, -0.0107860565)
bones/36/handle_offset = Vector2(0.92446965, 0.192503)
bones/36/group = &""
bones/36/require = false
bones/37/bone_name = &"ValveBiped.Bip01_L_Finger31"
bones/37/bone_parent = &"ValveBiped.Bip01_L_Finger3"
bones/37/tail_direction = 0
bones/37/reference_pose = Transform3D(0.8390553, 0.517335, 0.1683765, -0.52365035, 0.8518958, -0.007981908, -0.14756857, -0.08147314, 0.9856905, 0.03847356, 2.8312206e-07, -4.0978193e-08)
bones/37/handle_offset = Vector2(0.94043565, 0.20277002)
bones/37/group = &""
bones/37/require = false
bones/38/bone_name = &"ValveBiped.Bip01_L_Finger32"
bones/38/bone_parent = &"ValveBiped.Bip01_L_Finger31"
bones/38/tail_direction = 0
bones/38/reference_pose = Transform3D(0.908598, 0.4176184, 0.006683674, -0.41760707, 0.9086227, -0.00307114, -0.007355503, -7.1753175e-07, 0.9999728, 0.029904446, -1.5646219e-07, 1.4901161e-08)
bones/38/handle_offset = Vector2(0.9465467, 0.21622232)
bones/38/group = &""
bones/38/require = false
bones/39/bone_name = &"ValveBiped.Bip01_L_Finger2"
bones/39/bone_parent = &"ValveBiped.Bip01_L_Hand"
bones/39/tail_direction = 0
bones/39/reference_pose = Transform3D(0.7447528, 0.6299093, -0.22035818, -0.6481407, 0.7613909, -0.014056149, 0.15892462, 0.15329146, 0.9753178, 0.09708838, -0.0011700003, 0.010786069)
bones/39/handle_offset = Vector2(0.92533946, 0.1937455)
bones/39/group = &""
bones/39/require = false
bones/40/bone_name = &"ValveBiped.Bip01_L_Finger21"
bones/40/bone_parent = &"ValveBiped.Bip01_L_Finger2"
bones/40/tail_direction = 0
bones/40/reference_pose = Transform3D(0.87427884, 0.48539743, 0.00507492, -0.48528388, 0.87372756, 0.03315964, 0.01166151, -0.03145355, 0.99943703, 0.042985596, -2.3748726e-08, -7.450581e-09)
bones/40/handle_offset = Vector2(0.942855, 0.20571774)
bones/40/group = &""
bones/40/require = false
bones/41/bone_name = &"ValveBiped.Bip01_L_Finger22"
bones/41/bone_parent = &"ValveBiped.Bip01_L_Finger21"
bones/41/tail_direction = 0
bones/41/reference_pose = Transform3D(0.97667545, 0.21469995, 0.0030048748, -0.21469891, 0.9766802, -0.00066131307, -0.0030767852, 7.4495154e-07, 0.99999523, 0.030225698, 5.217735e-07, 1.1175871e-08)
bones/41/handle_offset = Vector2(0.9495534, 0.21906373)
bones/41/group = &""
bones/41/require = false
bones/42/bone_name = &"ValveBiped.Bip01_L_Finger1"
bones/42/bone_parent = &"ValveBiped.Bip01_L_Hand"
bones/42/tail_direction = 0
bones/42/reference_pose = Transform3D(0.7419976, 0.5737797, -0.34672245, -0.66007435, 0.71570534, -0.22818366, 0.117223956, 0.39817432, 0.90978885, 0.09649258, -0.0034492635, 0.03331169)
bones/42/handle_offset = Vector2(0.9266939, 0.19491276)
bones/42/group = &""
bones/42/require = false
bones/43/bone_name = &"ValveBiped.Bip01_L_Finger11"
bones/43/bone_parent = &"ValveBiped.Bip01_L_Finger1"
bones/43/tail_direction = 0
bones/43/reference_pose = Transform3D(0.87555534, 0.45645466, -0.15827747, -0.45592973, 0.8890347, 0.04177651, 0.15978324, 0.035585754, 0.9865104, 0.042982005, -5.6717545e-07, -5.029142e-08)
bones/43/handle_offset = Vector2(0.9440562, 0.20714125)
bones/43/group = &""
bones/43/require = false
bones/44/bone_name = &"ValveBiped.Bip01_L_Finger12"
bones/44/bone_parent = &"ValveBiped.Bip01_L_Finger11"
bones/44/tail_direction = 0
bones/44/reference_pose = Transform3D(0.9702998, 0.2418932, 0.0025152199, -0.24189243, 0.9703029, -0.00062828994, -0.0025925047, 1.2169298e-06, 0.9999966, 0.027487744, 3.0454248e-07, -2.2351742e-08)
bones/44/handle_offset = Vector2(0.95, 0.21935251)
bones/44/group = &""
bones/44/require = false
bones/45/bone_name = &"ValveBiped.Bip01_L_Finger0"
bones/45/bone_parent = &"ValveBiped.Bip01_L_Hand"
bones/45/tail_direction = 0
bones/45/reference_pose = Transform3D(0.57123375, 0.7537652, 0.32485393, -0.15841031, -0.28709754, 0.9447123, 0.805356, -0.59111166, -0.044595633, 0.020147262, -0.008723121, 0.033031557)
bones/45/handle_offset = Vector2(0.8898087, 0.20159689)
bones/45/group = &""
bones/45/require = false
bones/46/bone_name = &"ValveBiped.Bip01_L_Finger01"
bones/46/bone_parent = &"ValveBiped.Bip01_L_Finger0"
bones/46/tail_direction = 0
bones/46/reference_pose = Transform3D(0.7992876, -0.5322995, -0.27892008, 0.5724376, 0.81565654, 0.083782814, 0.18290545, -0.22663094, 0.95665246, 0.044740904, -1.2479722e-07, 7.986091e-08)
bones/46/handle_offset = Vector2(0.9050565, 0.20373276)
bones/46/group = &""
bones/46/require = false
bones/47/bone_name = &"ValveBiped.Bip01_L_Finger02"
bones/47/bone_parent = &"ValveBiped.Bip01_L_Finger01"
bones/47/tail_direction = 0
bones/47/reference_pose = Transform3D(0.9348249, -0.35495263, 0.01053402, 0.3549302, 0.9348843, 0.003988861, -0.011263947, 9.954754e-06, 0.99993646, 0.030171193, -1.5366822e-07, 1.44355e-07)
bones/47/handle_offset = Vector2(0.9197608, 0.20395714)
bones/47/group = &""
bones/47/require = false
bones/48/bone_name = &"ValveBiped.Bip01_R_Thigh"
bones/48/bone_parent = &"ValveBiped.Bip01_Pelvis"
bones/48/tail_direction = 0
bones/48/reference_pose = Transform3D(-0.00011098385, 0.00025850532, 1, -0.99997467, 0.007119506, -0.00011282148, -0.0071195364, -0.9999745, 0.00025770869, -0.097261295, 1.7881393e-07, 1.7905464e-07)
bones/48/handle_offset = Vector2(0.45217386, 0.4331845)
bones/48/group = &""
bones/48/require = false
bones/49/bone_name = &"ValveBiped.Bip01_R_Calf"
bones/49/bone_parent = &"ValveBiped.Bip01_R_Thigh"
bones/49/tail_direction = 0
bones/49/reference_pose = Transform3D(1, -3.538032e-10, -2.2341767e-06, -1.0540146e-08, 0.99998814, -0.004876043, 2.2341521e-06, 0.0048760436, 0.9999881, 0.4462046, -1.7841085e-06, 2.9495368e-08)
bones/49/handle_offset = Vector2(0.45214942, 0.65364075)
bones/49/group = &""
bones/49/require = false
bones/50/bone_name = &"ValveBiped.Bip01_R_Foot"
bones/50/bone_parent = &"ValveBiped.Bip01_R_Calf"
bones/50/tail_direction = 0
bones/50/reference_pose = Transform3D(0.5382862, 0.84271747, -0.008672224, -0.84253776, 0.5383519, 0.01753193, 0.019443171, -0.0021305196, 0.99980867, 0.41313156, -1.6132835e-06, 3.7860445e-08)
bones/50/handle_offset = Vector2(0.45212722, 0.8577566)
bones/50/group = &""
bones/50/require = false
bones/51/bone_name = &"ValveBiped.Bip01_R_Toe0"
bones/51/bone_parent = &"ValveBiped.Bip01_R_Foot"
bones/51/tail_direction = 0
bones/51/reference_pose = Transform3D(0.8493305, 0.52650994, 0.037753135, -0.5278218, 0.8479714, 0.048464753, -0.0064964024, -0.061089497, 0.9981113, 0.17198636, -5.42419e-07, -3.3163815e-08)
bones/51/handle_offset = Vector2(0.45340684, 0.90400624)
bones/51/group = &""
bones/51/require = false
bones/52/bone_name = &"ValveBiped.Bip01_L_Thigh"
bones/52/bone_parent = &"ValveBiped.Bip01_Pelvis"
bones/52/tail_direction = 0
bones/52/reference_pose = Transform3D(0.00011014939, -0.00027966496, 1, -0.99997467, 0.0071195643, 0.0001121377, -0.0071195965, -0.9999745, -0.00027887372, 0.09726132, 1.1920929e-07, -1.1953398e-07)
bones/52/handle_offset = Vector2(0.54828405, 0.43318453)
bones/52/group = &""
bones/52/require = false
bones/53/bone_name = &"ValveBiped.Bip01_L_Calf"
bones/53/bone_parent = &"ValveBiped.Bip01_L_Thigh"
bones/53/tail_direction = 0
bones/53/reference_pose = Transform3D(1, 1.2780915e-10, -1.483992e-07, 6.0393324e-10, 0.99998784, 0.004930895, 1.4839803e-07, -0.004930895, 0.99998784, 0.44620445, -1.8020455e-06, -2.7045644e-08)
bones/53/handle_offset = Vector2(0.5483083, 0.65364075)
bones/53/group = &""
bones/53/require = false
bones/54/bone_name = &"ValveBiped.Bip01_L_Foot"
bones/54/bone_parent = &"ValveBiped.Bip01_L_Calf"
bones/54/tail_direction = 0
bones/54/reference_pose = Transform3D(0.5381795, 0.8428283, 0.0018348926, -0.84265494, 0.5381108, -0.019218434, -0.017185215, 0.008796788, 0.99981356, 0.41313133, -1.6727718e-06, -2.800698e-08)
bones/54/handle_offset = Vector2(0.54833084, 0.8577565)
bones/54/group = &""
bones/54/require = false
bones/55/bone_name = &"ValveBiped.Bip01_L_Toe0"
bones/55/bone_parent = &"ValveBiped.Bip01_L_Foot"
bones/55/tail_direction = 0
bones/55/reference_pose = Transform3D(0.8497011, 0.527259, -0.0024101236, -0.52725303, 0.8497038, 0.002730085, 0.003487354, -0.0010490115, 0.99999326, 0.1719862, -3.4592813e-07, -5.3823896e-09)
bones/55/handle_offset = Vector2(0.5472487, 0.9039971)
bones/55/group = &""
bones/55/require = false
