[gd_scene format=3 uid="uid://nhkkyvcan3so"]

[ext_resource type="Script" uid="uid://dyl5vto8pedvv" path="res://view_camera.gd" id="1_16jkr"]
[ext_resource type="Script" uid="uid://dk5e60841igq0" path="res://user_interface/model_editor.gd" id="1_if0bs"]
[ext_resource type="Script" uid="uid://7ee5brbsddgk" path="res://user_interface/skeleton.gd" id="3_arc6n"]
[ext_resource type="PackedScene" uid="uid://tw0dyldw0ed1" path="res://male07_ref.glb" id="3_sdunm"]
[ext_resource type="Theme" uid="uid://b4lcu0m3by7tw" path="res://user_interface/themes/amaxivermis_theme.tres" id="4_iopv7"]
[ext_resource type="Script" uid="uid://d2yx12vcihlkk" path="res://application_setting.gd" id="4_lan5r"]
[ext_resource type="Texture2D" uid="uid://dj82bw3i2ojle" path="res://user_interface/icons/folder.svg" id="5_iopv7"]
[ext_resource type="Script" uid="uid://ctjr1nmsqy3jj" path="res://user_interface/mesh/mesh.gd" id="5_tv22w"]
[ext_resource type="Script" uid="uid://6pkomhoj3ybn" path="res://user_interface/materials/materials.gd" id="6_h06fm"]
[ext_resource type="Script" uid="uid://e3f1ox6y6cvg" path="res://addons/Gizmo3DScript/gizmo3D.gd" id="7_lmiwe"]
[ext_resource type="Script" uid="uid://ddctqq1km8m8w" path="res://user_interface/property_setting.gd" id="8_lan5r"]
[ext_resource type="Script" uid="uid://c5b468ok2wjvv" path="res://collisions/collisions.gd" id="8_lmiwe"]
[ext_resource type="Script" uid="uid://dan1m2kt2b55d" path="res://collisions/CollisionGenerator.cs" id="9_qchcq"]
[ext_resource type="Script" uid="uid://wmugp0y6u46r" path="res://user_interface/mesh/bodygroups.gd" id="10_lan5r"]
[ext_resource type="Script" uid="uid://cpr4gmn0sc2l4" path="res://user_interface/mesh/jigglebones.gd" id="11_iopv7"]
[ext_resource type="Theme" uid="uid://to6sapq07fj" path="res://user_interface/themes/editor.tres" id="12_jx6jd"]
[ext_resource type="Script" uid="uid://bs5fvoqy4gpk6" path="res://user_interface/options.gd" id="13_yp505"]
[ext_resource type="Script" uid="uid://vob5gaa4k4p4" path="res://view.gd" id="14_lan5r"]
[ext_resource type="Script" uid="uid://bfwqnlivm84l7" path="res://user_interface/materials/groups.gd" id="16_iopv7"]
[ext_resource type="Texture2D" uid="uid://dqe46enaw0840" path="res://user_interface/icons/material_icon.png" id="17_lan5r"]

[sub_resource type="StandardMaterial3D" id="StandardMaterial3D_sdunm"]
transparency = 1
shading_mode = 0
albedo_color = Color(1, 0.26666665, 0, 0.1882353)

[sub_resource type="CompressedTexture2D" id="CompressedTexture2D_lfd62"]

[sub_resource type="ProceduralSkyMaterial" id="ProceduralSkyMaterial_5qyes"]
sky_top_color = Color(0.224, 0.39733335, 0.64, 1)
sky_horizon_color = Color(0.5612, 0.77648, 0.92, 1)
ground_bottom_color = Color(0, 0, 0, 1)
ground_curve = 0.0022531315

[sub_resource type="Sky" id="Sky_lmiwe"]
sky_material = SubResource("ProceduralSkyMaterial_5qyes")

[sub_resource type="Environment" id="Environment_5qyes"]
background_mode = 2
sky = SubResource("Sky_lmiwe")
tonemap_mode = 1

[node name="ModelEditor" type="Node" unique_id=1577784274]
script = ExtResource("1_if0bs")

[node name="reference_male2" type="Node3D" parent="." unique_id=2089648758]
transform = Transform3D(1, 0, 0, 0, 1, 0, 0, 0, 1, -2.0928857, 1.1920929e-07, -3.1500914)

[node name="reference_male" type="Node3D" parent="reference_male2" unique_id=1294344604]

[node name="Skeleton3D" type="Skeleton3D" parent="reference_male2/reference_male" unique_id=1366004045]
bones/0/name = "ValveBiped.Bip01_Pelvis"
bones/0/parent = -1
bones/0/rest = Transform3D(1, 0, 7.152535e-07, 0, 1, 0, -7.152535e-07, 0, 1, -5.8725007e-05, 0.96417296, 0.013281526)
bones/0/enabled = true
bones/0/position = Vector3(-5.8725007e-05, 0.96417296, 0.013281526)
bones/0/rotation = Quaternion(0, 3.5762676e-07, 0, 1)
bones/0/scale = Vector3(1, 1, 1)
bones/1/name = "ValveBiped.Bip01_Spine"
bones/1/parent = 0
bones/1/rest = Transform3D(5.722045e-06, -1.1324875e-06, 0.9999998, 0.9962783, 0.086194225, -5.603135e-06, -0.08619424, 0.9962781, 1.62148e-06, 1.2499491e-07, 0.08362818, -0.07454748)
bones/1/enabled = true
bones/1/position = Vector3(1.2499491e-07, 0.08362818, -0.07454748)
bones/1/rotation = Quaternion(0.47796702, 0.5211015, 0.47796488, 0.521105)
bones/1/scale = Vector3(0.9999999, 0.9999997, 0.9999998)
bones/2/name = "ValveBiped.Bip01_Spine1"
bones/2/parent = 1
bones/2/rest = Transform3D(0.9995731, 0.029216796, 1.4653119e-06, -0.029216796, 0.9995731, 2.4483575e-07, -1.457533e-06, -2.8754295e-07, 1, 0.10045833, 7.301877e-07, -1.5210404e-08)
bones/2/enabled = true
bones/2/position = Vector3(0.10045833, 7.301877e-07, -1.5210404e-08)
bones/2/rotation = Quaternion(-1.3310888e-07, 7.307893e-07, -0.014609958, 0.99989325)
bones/2/scale = Vector3(1, 1, 1)
bones/3/name = "ValveBiped.Bip01_Spine2"
bones/3/parent = 2
bones/3/rest = Transform3D(0.99497145, -0.10015866, -4.410635e-05, 0.10015866, 0.99497145, -4.269663e-06, 4.43122e-05, -1.6944023e-07, 1, 0.08796368, -2.9053493e-07, -3.5898182e-09)
bones/3/enabled = true
bones/3/position = Vector3(0.08796368, -2.9053493e-07, -3.5898182e-09)
bones/3/rotation = Quaternion(1.0263467e-06, -2.2132479e-05, 0.050142407, 0.9987421)
bones/3/scale = Vector3(0.99999994, 0.99999994, 1)
bones/4/name = "ValveBiped.Bip01_Spine4"
bones/4/parent = 3
bones/4/rest = Transform3D(0.9812208, -0.19288802, 5.314641e-05, 0.19288804, 0.9812207, 8.784739e-08, -5.216531e-05, 1.01651085e-05, 1, 0.22356607, -1.4895349e-07, -2.5966784e-08)
bones/4/enabled = true
bones/4/position = Vector3(0.22356607, -1.4895349e-07, -2.5966784e-08)
bones/4/rotation = Quaternion(2.5312277e-06, 2.6452413e-05, 0.09690003, 0.9952941)
bones/4/scale = Vector3(1, 0.99999994, 1)
bones/5/name = "ValveBiped.Bip01_Neck1"
bones/5/parent = 4
bones/5/rest = Transform3D(0.93124956, 0.36437893, 2.0233561e-05, 0.36437857, -0.9312505, 3.1143202e-06, 1.9977288e-05, 4.4724716e-06, -0.99999994, 0.082681924, -4.9171996e-07, 6.723873e-09)
bones/5/enabled = true
bones/5/position = Vector3(0.082681924, -4.9171996e-07, 6.723873e-09)
bones/5/rotation = Quaternion(0.9826624, 0.18540399, 1.02300855e-05, 3.455287e-07)
bones/5/scale = Vector3(0.99999875, 0.99999976, 0.99999994)
bones/6/name = "ValveBiped.Bip01_Head1"
bones/6/parent = 5
bones/6/rest = Transform3D(0.9545231, -0.29813695, 1.1429332e-05, 0.29813695, 0.9545231, 8.196854e-06, -1.3353346e-05, -4.41658e-06, 1, 0.089842856, -9.705782e-07, 2.069217e-08)
bones/6/enabled = true
bones/6/position = Vector3(0.089842856, -9.705782e-07, 2.069217e-08)
bones/6/rotation = Quaternion(-3.189833e-06, 6.267334e-06, 0.15079273, 0.9885654)
bones/6/scale = Vector3(1, 1, 1)
bones/7/name = "ValveBiped.forward"
bones/7/parent = 6
bones/7/rest = Transform3D(2.8967861e-05, -0.24656595, 0.96912605, 0, 0.96912616, 0.24656592, -1.0000001, -7.1424874e-06, 2.8073506e-05, 0.049997833, -0.074999854, -1.6703154e-09)
bones/7/enabled = true
bones/7/position = Vector3(0.049997833, -0.074999854, -1.6703154e-09)
bones/7/rotation = Quaternion(-0.08785623, 0.7016176, 0.08785369, 0.7016379)
bones/7/scale = Vector3(1.0000001, 1.0000001, 1)
bones/8/name = "ValveBiped.Bip01_R_Clavicle"
bones/8/parent = 4
bones/8/rest = Transform3D(-0.4304761, 0.88492304, -0.17776714, 0.07921736, -0.15914863, -0.98407125, -0.89911884, -0.43770137, -0.0015915828, 0.05083414, 0.025018968, -0.04844023)
bones/8/enabled = true
bones/8/position = Vector3(0.05083414, 0.025018968, -0.04844023)
bones/8/rotation = Quaternion(-0.4272775, -0.5641186, 0.63008595, -0.31968096)
bones/8/scale = Vector3(0.9999999, 0.99999976, 0.99999994)
bones/9/name = "ValveBiped.Bip01_R_UpperArm"
bones/9/parent = 8
bones/9/rest = Transform3D(0.8981699, -0.0036829174, 0.43963313, 0.4396329, -0.0009418537, -0.8981769, 0.0037219822, 0.9999927, 0.000773187, 0.15070368, 2.1373853e-07, -3.4895493e-08)
bones/9/enabled = true
bones/9/position = Vector3(0.15070368, 2.1373853e-07, -3.4895493e-08)
bones/9/rotation = Quaternion(0.68890107, 0.15820487, 0.1608922, 0.6888398)
bones/9/scale = Vector3(1, 0.99999994, 0.9999998)
bones/10/name = "ValveBiped.Bip01_R_Forearm"
bones/10/parent = 9
bones/10/rest = Transform3D(1, -9.802575e-13, -1.0311353e-06, 4.3557719e-10, 0.99999994, 0.00042147422, 1.0311353e-06, -0.00042147422, 0.99999994, 0.2923139, 2.339948e-08, 9.987707e-08)
bones/10/enabled = true
bones/10/position = Vector3(0.2923139, 2.339948e-08, 9.987707e-08)
bones/10/rotation = Quaternion(-0.00021073711, -5.1556765e-07, 1.0913935e-10, 1)
bones/10/scale = Vector3(1, 1, 1)
bones/11/name = "ValveBiped.Bip01_R_Hand"
bones/11/parent = 10
bones/11/rest = Transform3D(0.98592275, -0.10621507, -0.12913002, 0.12915118, -0.006708028, 0.99160224, -0.1061893, -0.99432045, 0.007104207, 0.2870424, -6.267801e-07, 4.3968612e-08)
bones/11/enabled = true
bones/11/position = Vector3(0.2870424, -6.267801e-07, 4.3968612e-08)
bones/11/rotation = Quaternion(-0.7045436, -0.00813865, 0.08350063, 0.70468414)
bones/11/scale = Vector3(0.99999994, 0.9999999, 1)
bones/12/name = "ValveBiped.Anim_Attachment_RH"
bones/12/parent = 11
bones/12/rest = Transform3D(-0.985415, 0.13110578, 0.10848351, 0.108331814, -0.008310198, 0.99408, 0.13123117, 0.99133354, -0.006013934, 0.066901915, -0.042811863, 5.6810677e-08)
bones/12/enabled = true
bones/12/position = Vector3(0.066901915, -0.042811863, 5.6810677e-08)
bones/12/rotation = Quaternion(0.085013516, 0.70411617, 0.7049311, -0.008076664)
bones/12/scale = Vector3(1, 1, 0.99999994)
bones/13/name = "ValveBiped.Bip01_R_Finger4"
bones/13/parent = 11
bones/13/rest = Transform3D(0.7915246, 0.59063333, -0.15697475, -0.5939642, 0.6830097, -0.42509317, -0.14385894, 0.42970905, 0.8914341, 0.09649185, -0.0033153296, 0.02982773)
bones/13/enabled = true
bones/13/position = Vector3(0.09649185, -0.0033153296, 0.02982773)
bones/13/rotation = Quaternion(0.23295964, -0.003574461, -0.3228389, 0.9173288)
bones/13/scale = Vector3(1, 0.9999999, 1)
bones/14/name = "ValveBiped.Bip01_R_Finger41"
bones/14/parent = 13
bones/14/rest = Transform3D(0.86299056, 0.41507286, -0.28803077, -0.4297823, 0.9028339, 0.013344943, 0.26558307, 0.11227398, 0.9575281, 0.03281389, -2.8312206e-07, -5.2154064e-08)
bones/14/enabled = true
bones/14/position = Vector3(0.03281389, -2.8312206e-07, -5.2154064e-08)
bones/14/rotation = Quaternion(0.025634607, -0.14345309, -0.21891987, 0.9647995)
bones/14/scale = Vector3(0.99999994, 0.99999994, 0.99999994)
bones/15/name = "ValveBiped.Bip01_R_Finger42"
bones/15/parent = 14
bones/15/rest = Transform3D(0.97029364, 0.2418571, -0.005953951, -0.2418526, 0.9703119, 0.0014758257, 0.006134128, 7.994298e-06, 0.99998116, 0.018234108, 3.2410026e-07, 1.7136335e-07)
bones/15/enabled = true
bones/15/position = Vector3(0.018234108, 3.2410026e-07, 1.7136335e-07)
bones/15/rotation = Quaternion(-0.0003697139, -0.0030447163, -0.12183564, 0.99254555)
bones/15/scale = Vector3(1, 1, 0.99999994)
bones/16/name = "ValveBiped.Bip01_R_Finger3"
bones/16/parent = 11
bones/16/rest = Transform3D(0.75410056, 0.6552124, 0.045045976, -0.6381455, 0.7472163, -0.18557544, -0.1552504, 0.11119666, 0.981597, 0.09855734, 0.0012572708, 0.01077617)
bones/16/enabled = true
bones/16/position = Vector3(0.09855734, 0.0012572708, 0.01077617)
bones/16/rotation = Quaternion(0.07950999, 0.0536626, -0.34651124, 0.9331283)
bones/16/scale = Vector3(1, 1.0000001, 1)
bones/17/name = "ValveBiped.Bip01_R_Finger31"
bones/17/parent = 16
bones/17/rest = Transform3D(0.855134, 0.4956469, -0.15192015, -0.500751, 0.86557484, 0.0053331377, 0.13414161, 0.07151362, 0.9883784, 0.038477417, 6.891787e-08, 7.450581e-09)
bones/17/enabled = true
bones/17/position = Vector3(0.038477417, 6.891787e-08, 7.450581e-09)
bones/17/rotation = Quaternion(0.017181711, -0.074267074, -0.25868386, 0.9629496)
bones/17/scale = Vector3(0.9999998, 0.9999999, 1)
bones/18/name = "ValveBiped.Bip01_R_Finger32"
bones/18/parent = 17
bones/18/rest = Transform3D(0.90860045, 0.41757417, -0.008779635, -0.4175547, 0.9086429, 0.0040313704, 0.00966095, 3.0727222e-06, 0.99995327, 0.029908277, 1.2293458e-07, -2.2351742e-08)
bones/18/enabled = true
bones/18/position = Vector3(0.029908277, 1.2293458e-07, -2.2351742e-08)
bones/18/rotation = Quaternion(-0.0010309066, -0.0047192443, -0.213723, 0.97688234)
bones/18/scale = Vector3(1, 1, 0.99999994)
bones/19/name = "ValveBiped.Bip01_R_Finger2"
bones/19/parent = 11
bones/19/rest = Transform3D(0.74671704, 0.6331234, 0.20388307, -0.6485037, 0.7611232, 0.01159463, -0.1478393, -0.14087686, 0.97892654, 0.0970914, -0.0012594638, -0.01077605)
bones/19/enabled = true
bones/19/position = Vector3(0.0970914, -0.0012594638, -0.01077605)
bones/19/rotation = Quaternion(-0.04082698, 0.09417999, -0.34317866, 0.9336443)
bones/19/scale = Vector3(0.99999994, 1, 0.99999994)
bones/20/name = "ValveBiped.Bip01_R_Finger21"
bones/20/parent = 19
bones/20/rest = Transform3D(0.8768597, 0.48072317, -0.004734989, -0.48061553, 0.876348, -0.031981576, -0.011224788, 0.030319057, 0.9994774, 0.0429896, 2.7613714e-07, -3.7252903e-08)
bones/20/enabled = true
bones/20/position = Vector3(0.0429896, 2.7613714e-07, -3.7252903e-08)
bones/20/rotation = Quaternion(0.016080199, 0.001675059, -0.24812777, 0.9685924)
bones/20/scale = Vector3(1.0000001, 0.9999999, 1.0000001)
bones/21/name = "ValveBiped.Bip01_R_Finger22"
bones/21/parent = 20
bones/21/rest = Transform3D(0.9766784, 0.21466345, -0.0043553035, -0.21466129, 0.9766882, 0.00095778, 0.0044593737, -5.2797037e-07, 0.99999, 0.030229356, -6.519258e-08, -2.514571e-08)
bones/21/enabled = true
bones/21/position = Vector3(0.030229356, -6.519258e-08, -2.514571e-08)
bones/21/rotation = Quaternion(-0.00024098616, -0.002216631, -0.10796248, 0.9941525)
bones/21/scale = Vector3(1, 1.0000001, 0.99999994)
bones/22/name = "ValveBiped.Bip01_R_Finger1"
bones/22/parent = 11
bones/22/rest = Transform3D(0.75441533, 0.56335473, 0.33688116, -0.6459961, 0.72822225, 0.22886983, -0.11638946, -0.39028683, 0.913307, 0.09649579, -0.0037245979, -0.033281997)
bones/22/enabled = true
bones/22/position = Vector3(0.09649579, -0.0037245979, -0.033281997)
bones/22/rotation = Quaternion(-0.16799264, 0.12298362, -0.32812703, 0.9214044)
bones/22/scale = Vector3(1, 1, 1)
bones/23/name = "ValveBiped.Bip01_R_Finger11"
bones/23/parent = 22
bones/23/rest = Transform3D(0.87486, 0.4619451, 0.14569393, -0.46078715, 0.8864362, -0.043657586, -0.14931577, -0.028939612, 0.98836595, 0.04298565, 1.5739352e-07, -1.6391277e-07)
bones/23/enabled = true
bones/23/position = Vector3(0.04298565, 1.5739352e-07, -1.6391277e-07)
bones/23/rotation = Quaternion(0.0038003356, 0.07617461, -0.23825917, 0.96820223)
bones/23/scale = Vector3(1, 0.99999994, 0.99999994)
bones/24/name = "ValveBiped.Bip01_R_Finger12"
bones/24/parent = 23
bones/24/rest = Transform3D(0.9702943, 0.2418938, -0.00407908, -0.2418917, 0.9703027, 0.0010160594, 0.004203722, 8.1902107e-07, 0.9999912, 0.027491646, 1.1827797e-07, -1.1175871e-08)
bones/24/enabled = true
bones/24/position = Vector3(0.027491646, 1.1827797e-07, -1.1175871e-08)
bones/24/rotation = Quaternion(-0.0002557163, -0.002086252, -0.121854715, 0.9925457)
bones/24/scale = Vector3(1.0000001, 0.99999994, 1)
bones/25/name = "ValveBiped.Bip01_R_Finger0"
bones/25/parent = 11
bones/25/rest = Transform3D(0.5879306, 0.6126589, -0.5281918, -0.16826826, -0.5460538, -0.82067716, -0.79121625, 0.57137907, -0.21795076, 0.0201503, -0.008996368, -0.032958318)
bones/25/enabled = true
bones/25/position = Vector3(0.0201503, -0.008996368, -0.032958318)
bones/25/rotation = Quaternion(0.76680106, 0.14488462, -0.4301664, 0.45385182)
bones/25/scale = Vector3(0.9999999, 0.9999999, 1)
bones/26/name = "ValveBiped.Bip01_R_Finger01"
bones/26/parent = 25
bones/26/rest = Transform3D(0.7773639, -0.41284305, 0.4746221, 0.51758176, 0.84858584, -0.10959548, -0.35751197, 0.33085126, 0.8733399, 0.04474467, 2.3283064e-08, 1.6018748e-07)
bones/26/enabled = true
bones/26/position = Vector3(0.04474467, 2.3283064e-08, 1.6018748e-07)
bones/26/rotation = Quaternion(0.11772629, 0.22241975, 0.24869172, 0.9353194)
bones/26/scale = Vector3(1.0000001, 0.99999994, 0.99999994)
bones/27/name = "ValveBiped.Bip01_R_Finger02"
bones/27/parent = 26
bones/27/rest = Transform3D(0.93483335, -0.35497257, -0.009000445, 0.35495627, 0.93487656, -0.0034030266, 0.009622286, -1.3501573e-05, 0.9999536, 0.030175177, -3.017485e-07, -2.0675361e-07)
bones/27/enabled = true
bones/27/position = Vector3(0.030175177, -3.017485e-07, -2.0675361e-07)
bones/27/rotation = Quaternion(0.00086153374, -0.0047334386, 0.1804464, 0.9835731)
bones/27/scale = Vector3(0.99999994, 0.9999998, 0.9999999)
bones/28/name = "ValveBiped.Bip01_L_Clavicle"
bones/28/parent = 4
bones/28/rest = Transform3D(-0.43277732, 0.8840759, 0.17638797, 0.074990764, -0.15967767, 0.9843166, 0.8983761, 0.4392173, 0.0028073534, 0.050833903, 0.025018882, 0.04844149)
bones/28/enabled = true
bones/28/position = Vector3(0.050833903, 0.025018882, 0.04844149)
bones/28/rotation = Quaternion(0.4254683, 0.5635362, 0.6315185, -0.3202937)
bones/28/scale = Vector3(0.9999997, 0.99999946, 0.9999999)
bones/29/name = "ValveBiped.Bip01_L_UpperArm"
bones/29/parent = 28
bones/29/rest = Transform3D(0.8974385, 0.001642704, -0.44113654, 0.44113907, -0.0018134117, 0.897437, 0.00067427754, -0.999997, -0.0023521185, 0.15070176, 1.0530857e-07, 3.661262e-08)
bones/29/enabled = true
bones/29/position = Vector3(0.15070176, 1.0530857e-07, 3.661262e-08)
bones/29/rotation = Quaternion(-0.6894933, -0.1605461, 0.15970504, 0.6879813)
bones/29/scale = Vector3(1, 1, 1)
bones/30/name = "ValveBiped.Bip01_L_Forearm"
bones/30/parent = 29
bones/30/rest = Transform3D(1, 7.035219e-06, -1.1179826e-06, -7.035029e-06, 0.9999999, 0.00017083455, 1.1191844e-06, -0.00017083452, 1, 0.2923142, 7.6182187e-07, 3.6762503e-07)
bones/30/enabled = true
bones/30/position = Vector3(0.2923142, 7.6182187e-07, 3.6762503e-07)
bones/30/rotation = Quaternion(-8.541727e-05, -5.592917e-07, -3.5175622e-06, 1)
bones/30/scale = Vector3(1, 0.9999999, 1)
bones/31/name = "ValveBiped.Bip01_L_Hand"
bones/31/parent = 30
bones/31/rest = Transform3D(0.9852732, -0.10521733, 0.13478126, 0.13373673, -0.016952872, -0.99087185, 0.10654182, 0.99430466, -0.0026317888, 0.287042, 2.1196902e-06, -3.7918653e-07)
bones/31/enabled = true
bones/31/position = Vector3(0.287042, 2.1196902e-06, -3.7918653e-07)
bones/31/rotation = Quaternion(0.7079651, 0.010070918, 0.08521718, 0.70101506)
bones/31/scale = Vector3(0.99999994, 0.9999999, 0.99999994)
bones/32/name = "ValveBiped.Anim_Attachment_LH"
bones/32/parent = 31
bones/32/rest = Transform3D(0.98475635, 0.13592526, 0.10853316, -0.10731808, -0.016257286, 0.9940919, 0.13688667, -0.9905856, -0.0014222289, 0.06690194, -0.042811565, -2.514571e-08)
bones/32/enabled = true
bones/32/position = Vector3(0.06690194, -0.042811565, -2.514571e-08)
bones/32/rotation = Quaternion(-0.70753723, -0.010108023, -0.08671621, 0.7012626)
bones/32/scale = Vector3(1.0000001, 0.99999994, 1.0000001)
bones/33/name = "ValveBiped.Bip01_L_Finger4"
bones/33/parent = 31
bones/33/rest = Transform3D(0.78603375, 0.59901863, 0.15273425, -0.59939295, 0.6780593, 0.42539853, 0.15125877, -0.42592537, 0.892025, 0.09648876, -0.0035606134, -0.029799482)
bones/33/enabled = true
bones/33/position = Vector3(0.09648876, -0.0035606134, -0.029799482)
bones/33/rotation = Quaternion(-0.23235188, 0.00040271188, -0.32708257, 0.9159855)
bones/33/scale = Vector3(1.0000001, 1, 1.0000001)
bones/34/name = "ValveBiped.Bip01_L_Finger41"
bones/34/parent = 33
bones/34/rest = Transform3D(0.8908602, 0.37365967, 0.2583533, -0.38666815, 0.9222188, -0.00049803656, -0.23844436, -0.09945332, 0.9660503, 0.03281039, -2.2351742e-07, -4.4703484e-08)
bones/34/enabled = true
bones/34/position = Vector3(0.03281039, -2.2351742e-07, -4.4703484e-08)
bones/34/rotation = Quaternion(-0.025451487, 0.1277773, -0.19555774, 0.97199917)
bones/34/scale = Vector3(0.99999994, 1, 0.99999994)
bones/35/name = "ValveBiped.Bip01_L_Finger42"
bones/35/parent = 34
bones/35/rest = Transform3D(0.97029555, 0.2418743, 0.004833019, -0.24187139, 0.9703076, -0.0011910949, -0.0049776104, -1.3254932e-05, 0.9999876, 0.01823034, -1.7508864e-07, 8.195639e-08)
bones/35/enabled = true
bones/35/position = Vector3(0.01823034, -1.7508864e-07, 8.195639e-08)
bones/35/rotation = Quaternion(0.00029667135, 0.0024710766, -0.12184465, 0.9925461)
bones/35/scale = Vector3(1, 1, 1)
bones/36/name = "ValveBiped.Bip01_L_Finger3"
bones/36/parent = 31
bones/36/rest = Transform3D(0.7612668, 0.64602983, -0.05584434, -0.6261992, 0.75478727, 0.19537377, 0.16836789, -0.11376188, 0.9791376, 0.09855428, 0.001168719, -0.0107860565)
bones/36/enabled = true
bones/36/position = Vector3(0.09855428, 0.001168719, -0.0107860565)
bones/36/rotation = Quaternion(-0.08267679, -0.059964437, -0.34025127, 0.9347716)
bones/36/scale = Vector3(1.0000001, 1, 0.99999994)
bones/37/name = "ValveBiped.Bip01_L_Finger31"
bones/37/parent = 36
bones/37/rest = Transform3D(0.8390553, 0.517335, 0.1683765, -0.52365035, 0.8518958, -0.007981908, -0.14756857, -0.08147314, 0.9856905, 0.03847356, 2.8312206e-07, -4.0978193e-08)
bones/37/enabled = true
bones/37/position = Vector3(0.03847356, 2.8312206e-07, -4.0978193e-08)
bones/37/rotation = Quaternion(-0.019163724, 0.082386486, -0.27144945, 0.95872855)
bones/37/scale = Vector3(1, 0.9999999, 1)
bones/38/name = "ValveBiped.Bip01_L_Finger32"
bones/38/parent = 37
bones/38/rest = Transform3D(0.908598, 0.4176184, 0.006683674, -0.41760707, 0.9086227, -0.00307114, -0.007355503, -7.1753175e-07, 0.9999728, 0.029904446, -1.5646219e-07, 1.4901161e-08)
bones/38/enabled = true
bones/38/position = Vector3(0.029904446, -1.5646219e-07, 1.4901161e-08)
bones/38/rotation = Quaternion(0.00078577123, 0.003592854, -0.21374777, 0.976882)
bones/38/scale = Vector3(1, 1.0000001, 0.9999999)
bones/39/name = "ValveBiped.Bip01_L_Finger2"
bones/39/parent = 31
bones/39/rest = Transform3D(0.7447528, 0.6299093, -0.22035818, -0.6481407, 0.7613909, -0.014056149, 0.15892462, 0.15329146, 0.9753178, 0.09708838, -0.0011700003, 0.010786069)
bones/39/enabled = true
bones/39/position = Vector3(0.09708838, -0.0011700003, 0.010786069)
bones/39/rotation = Quaternion(0.044844456, -0.10163713, -0.34248143, 0.93293375)
bones/39/scale = Vector3(1, 1, 1)
bones/40/name = "ValveBiped.Bip01_L_Finger21"
bones/40/parent = 39
bones/40/rest = Transform3D(0.87427884, 0.48539743, 0.00507492, -0.48528388, 0.87372756, 0.03315964, 0.01166151, -0.03145355, 0.99943703, 0.042985596, -2.3748726e-08, -7.450581e-09)
bones/40/enabled = true
bones/40/position = Vector3(0.042985596, -2.3748726e-08, -7.450581e-09)
bones/40/rotation = Quaternion(-0.016688745, -0.0017012303, -0.25071433, 0.9679158)
bones/40/scale = Vector3(0.99999994, 0.9999999, 0.9999998)
bones/41/name = "ValveBiped.Bip01_L_Finger22"
bones/41/parent = 40
bones/41/rest = Transform3D(0.97667545, 0.21469995, 0.0030048748, -0.21469891, 0.9766802, -0.00066131307, -0.0030767852, 7.4495154e-07, 0.99999523, 0.030225698, 5.217735e-07, 1.1175871e-08)
bones/41/enabled = true
bones/41/position = Vector3(0.030225698, 5.217735e-07, 1.1175871e-08)
bones/41/rotation = Quaternion(0.00016648819, 0.0015293591, -0.107981205, 0.9941518)
bones/41/scale = Vector3(1, 1.0000001, 0.99999994)
bones/42/name = "ValveBiped.Bip01_L_Finger1"
bones/42/parent = 31
bones/42/rest = Transform3D(0.7419976, 0.5737797, -0.34672245, -0.66007435, 0.71570534, -0.22818366, 0.117223956, 0.39817432, 0.90978885, 0.09649258, -0.0034492635, 0.03331169)
bones/42/enabled = true
bones/42/position = Vector3(0.09649258, -0.0034492635, 0.03331169)
bones/42/rotation = Quaternion(0.17066298, -0.1264109, -0.3361867, 0.9175363)
bones/42/scale = Vector3(1, 1, 1)
bones/43/name = "ValveBiped.Bip01_L_Finger11"
bones/43/parent = 42
bones/43/rest = Transform3D(0.87555534, 0.45645466, -0.15827747, -0.45592973, 0.8890347, 0.04177651, 0.15978324, 0.035585754, 0.9865104, 0.042982005, -5.6717545e-07, -5.029142e-08)
bones/43/enabled = true
bones/43/position = Vector3(0.042982005, -5.6717545e-07, -5.029142e-08)
bones/43/rotation = Quaternion(-0.0015982124, -0.08211088, -0.2355421, 0.96838796)
bones/43/scale = Vector3(0.9999999, 0.99999994, 0.9999999)
bones/44/name = "ValveBiped.Bip01_L_Finger12"
bones/44/parent = 43
bones/44/rest = Transform3D(0.9702998, 0.2418932, 0.0025152199, -0.24189243, 0.9703029, -0.00062828994, -0.0025925047, 1.2169298e-06, 0.9999966, 0.027487744, 3.0454248e-07, -2.2351742e-08)
bones/44/enabled = true
bones/44/position = Vector3(0.027487744, 3.0454248e-07, -2.2351742e-08)
bones/44/rotation = Quaternion(0.00015855843, 0.0012865193, -0.12185456, 0.99254715)
bones/44/scale = Vector3(1.0000001, 1, 0.99999994)
bones/45/name = "ValveBiped.Bip01_L_Finger0"
bones/45/parent = 31
bones/45/rest = Transform3D(0.57123375, 0.7537652, 0.32485393, -0.15841031, -0.28709754, 0.9447123, 0.805356, -0.59111166, -0.044595633, 0.020147262, -0.008723121, 0.033031557)
bones/45/enabled = true
bones/45/position = Vector3(0.020147262, -0.008723121, 0.033031557)
bones/45/rotation = Quaternion(-0.6897331, -0.21579178, -0.4096548, 0.5566733)
bones/45/scale = Vector3(1, 1, 1)
bones/46/name = "ValveBiped.Bip01_L_Finger01"
bones/46/parent = 45
bones/46/rest = Transform3D(0.7992876, -0.5322995, -0.27892008, 0.5724376, 0.81565654, 0.083782814, 0.18290545, -0.22663094, 0.95665246, 0.044740904, -1.2479722e-07, 7.986091e-08)
bones/46/enabled = true
bones/46/position = Vector3(0.044740904, -1.2479722e-07, 7.986091e-08)
bones/46/rotation = Quaternion(-0.08212583, -0.12218469, 0.29227912, 0.9449334)
bones/46/scale = Vector3(0.99999994, 0.99999994, 0.99999994)
bones/47/name = "ValveBiped.Bip01_L_Finger02"
bones/47/parent = 46
bones/47/rest = Transform3D(0.9348249, -0.35495263, 0.01053402, 0.3549302, 0.9348843, 0.003988861, -0.011263947, 9.954754e-06, 0.99993646, 0.030171193, -1.5366822e-07, 1.44355e-07)
bones/47/enabled = true
bones/47/position = Vector3(0.030171193, -1.5366822e-07, 1.44355e-07)
bones/47/rotation = Quaternion(-0.0010113424, 0.0055405195, 0.18043514, 0.98357075)
bones/47/scale = Vector3(0.99999994, 1, 0.9999999)
bones/48/name = "ValveBiped.Bip01_R_Thigh"
bones/48/parent = 0
bones/48/rest = Transform3D(-0.00011098385, 0.00025850532, 1, -0.99997467, 0.007119506, -0.00011282148, -0.0071195364, -0.9999745, 0.00025770869, -0.097261295, 1.7881393e-07, 1.7905464e-07)
bones/48/enabled = true
bones/48/position = Vector3(-0.097261295, 1.7881393e-07, 1.7905464e-07)
bones/48/rotation = Quaternion(-0.4981244, 0.50174016, -0.49830943, 0.5018133)
bones/48/scale = Vector3(1, 0.9999999, 1)
bones/49/name = "ValveBiped.Bip01_R_Calf"
bones/49/parent = 48
bones/49/rest = Transform3D(1, -3.538032e-10, -2.2341767e-06, -1.0540146e-08, 0.99998814, -0.004876043, 2.2341521e-06, 0.0048760436, 0.9999881, 0.4462046, -1.7841085e-06, 2.9495368e-08)
bones/49/enabled = true
bones/49/position = Vector3(0.4462046, -1.7841085e-06, 2.9495368e-08)
bones/49/rotation = Quaternion(0.002438029, -1.1170856e-06, -2.5465932e-09, 0.999997)
bones/49/scale = Vector3(1, 1, 0.99999994)
bones/50/name = "ValveBiped.Bip01_R_Foot"
bones/50/parent = 49
bones/50/rest = Transform3D(0.5382862, 0.84271747, -0.008672224, -0.84253776, 0.5383519, 0.01753193, 0.019443171, -0.0021305196, 0.99980867, 0.41313156, -1.6132835e-06, 3.7860445e-08)
bones/50/enabled = true
bones/50/position = Vector3(0.41313156, -1.6132835e-06, 3.7860445e-08)
bones/50/rotation = Quaternion(-0.005605094, -0.008014742, -0.48040885, 0.87699014)
bones/50/scale = Vector3(0.99999994, 1, 1)
bones/51/name = "ValveBiped.Bip01_R_Toe0"
bones/51/parent = 50
bones/51/rest = Transform3D(0.8493305, 0.52650994, 0.037753135, -0.5278218, 0.8479714, 0.048464753, -0.0064964024, -0.061089497, 0.9981113, 0.17198636, -5.42419e-07, -3.3163815e-08)
bones/51/enabled = true
bones/51/position = Vector3(0.17198636, -5.42419e-07, -3.3163815e-08)
bones/51/rotation = Quaternion(-0.028494937, 0.011509254, -0.2742305, 0.9611728)
bones/51/scale = Vector3(1.0000001, 1, 1.0000001)
bones/52/name = "ValveBiped.Bip01_L_Thigh"
bones/52/parent = 0
bones/52/rest = Transform3D(0.00011014939, -0.00027966496, 1, -0.99997467, 0.0071195643, 0.0001121377, -0.0071195965, -0.9999745, -0.00027887372, 0.09726132, 1.1920929e-07, -1.1953398e-07)
bones/52/enabled = true
bones/52/position = Vector3(0.09726132, 1.1920929e-07, -1.1953398e-07)
bones/52/rotation = Quaternion(-0.4983145, 0.5018188, -0.4981193, 0.50173473)
bones/52/scale = Vector3(1, 0.9999999, 1)
bones/53/name = "ValveBiped.Bip01_L_Calf"
bones/53/parent = 52
bones/53/rest = Transform3D(1, 1.2780915e-10, -1.483992e-07, 6.0393324e-10, 0.99998784, 0.004930895, 1.4839803e-07, -0.004930895, 0.99998784, 0.44620445, -1.8020455e-06, -2.7045644e-08)
bones/53/enabled = true
bones/53/position = Vector3(0.44620445, -1.8020455e-06, -2.7045644e-08)
bones/53/rotation = Quaternion(-0.002465455, -7.4199534e-08, 1.190314e-10, 0.99999696)
bones/53/scale = Vector3(1, 1, 1)
bones/54/name = "ValveBiped.Bip01_L_Foot"
bones/54/parent = 53
bones/54/rest = Transform3D(0.5381795, 0.8428283, 0.0018348926, -0.84265494, 0.5381108, -0.019218434, -0.017185215, 0.008796788, 0.99981356, 0.41313133, -1.6727718e-06, -2.800698e-08)
bones/54/enabled = true
bones/54/position = Vector3(0.41313133, -1.6727718e-06, -2.800698e-08)
bones/54/rotation = Quaternion(0.00798663, 0.0054222867, -0.48050064, 0.87694126)
bones/54/scale = Vector3(0.9999999, 1, 0.99999994)
bones/55/name = "ValveBiped.Bip01_L_Toe0"
bones/55/parent = 54
bones/55/rest = Transform3D(0.8497011, 0.527259, -0.0024101236, -0.52725303, 0.8497038, 0.002730085, 0.003487354, -0.0010490115, 0.99999326, 0.1719862, -3.4592813e-07, -5.3823896e-09)
bones/55/enabled = true
bones/55/position = Vector3(0.1719862, -3.4592813e-07, -5.3823896e-09)
bones/55/rotation = Quaternion(-0.0009824093, -0.0015331011, -0.2741297, 0.961691)
bones/55/scale = Vector3(0.99999994, 0.9999998, 0.9999999)

[node name="male_07_reference2" parent="." unique_id=23311503 instance=ExtResource("3_sdunm")]
transform = Transform3D(0.025, 0, 0, 0, 0.025, 0, 0, 0, 0.025, 0, 0, 0)

[node name="Skeleton3D" parent="male_07_reference2/male_07_reference_skeleton" index="0"]
bones/9/rotation = Quaternion(0.70054656, 0.0847502, 0.09926718, 0.7015682)
bones/9/scale = Vector3(1.0000002, 1.0000004, 1.0000002)
bones/35/rotation = Quaternion(-0.70054656, -0.09165578, 0.092928946, 0.70156825)
bones/35/scale = Vector3(1.0000001, 0.9999999, 0.9999996)

[node name="male_07_reference" parent="male_07_reference2/male_07_reference_skeleton/Skeleton3D" index="0"]
material_override = SubResource("StandardMaterial3D_sdunm")
skeleton = NodePath("..")

[node name="SkeletonIK3D" type="SkeletonIK3D" parent="male_07_reference2/male_07_reference_skeleton/Skeleton3D" index="1" unique_id=481033233]

[node name="SpringBoneSimulator3D" type="SpringBoneSimulator3D" parent="male_07_reference2/male_07_reference_skeleton/Skeleton3D" index="2" unique_id=745399147]
setting_count = 2
settings/0/root_bone_name = ""
settings/0/root_bone = -1
settings/0/end_bone_name = ""
settings/0/end_bone = -1
settings/0/center_from = 0
settings/0/individual_config = false
settings/0/rotation_axis = 3
settings/0/radius/value = 0.02
settings/0/radius/damping_curve = null
settings/0/stiffness/value = 1.0
settings/0/stiffness/damping_curve = null
settings/0/drag/value = 0.4
settings/0/drag/damping_curve = null
settings/0/gravity/value = 0.0
settings/0/gravity/damping_curve = null
settings/0/gravity/direction = Vector3(0, -1, 0)
settings/0/enable_all_child_collisions = true
settings/0/exclude_collision_count = 0
settings/1/root_bone_name = ""
settings/1/root_bone = -1
settings/1/end_bone_name = ""
settings/1/end_bone = -1
settings/1/center_from = 0
settings/1/individual_config = false
settings/1/rotation_axis = 3
settings/1/radius/value = 0.02
settings/1/radius/damping_curve = null
settings/1/stiffness/value = 1.0
settings/1/stiffness/damping_curve = null
settings/1/drag/value = 0.4
settings/1/drag/damping_curve = null
settings/1/gravity/value = 0.0
settings/1/gravity/damping_curve = null
settings/1/gravity/direction = Vector3(0, -1, 0)
settings/1/enable_all_child_collisions = true
settings/1/exclude_collision_count = 0

[node name="ErrorDialog" type="AcceptDialog" parent="." unique_id=754824988]
oversampling_override = 1.0
title = "Error"
initial_position = 1
size = Vector2i(400, 106)
unresizable = true
extend_to_title = true
force_native = true
min_size = Vector2i(400, 106)
max_size = Vector2i(400, 32768)
dialog_autowrap = true

[node name="Label" type="Label" parent="ErrorDialog" unique_id=187312902]
offset_left = 8.0
offset_top = 8.0
offset_right = 392.0
offset_bottom = 59.0
autowrap_mode = 3

[node name="ModelSearch" type="FileDialog" parent="." unique_id=1524516980]
oversampling_override = 1.0
title = "Open a File"
position = Vector2i(0, 36)
size = Vector2i(779, 360)
file_mode = 0
access = 2
filters = PackedStringArray("*.glb", "*.gltf", "*.gmp")
use_native_dialog = true

[node name="Settings" type="Window" parent="." unique_id=1661865041]
oversampling_override = 1.0
title = "Editor Settings"
initial_position = 2
size = Vector2i(600, 300)
visible = false
force_native = true

[node name="TabContainer" type="TabContainer" parent="Settings" unique_id=970540359]
anchors_preset = 15
anchor_right = 1.0
anchor_bottom = 1.0
grow_horizontal = 2
grow_vertical = 2
current_tab = 0

[node name="Paths" type="ScrollContainer" parent="Settings/TabContainer" unique_id=1802083220]
layout_mode = 2
metadata/_tab_index = 0

[node name="VBoxContainer" type="VBoxContainer" parent="Settings/TabContainer/Paths" unique_id=3070010]
layout_mode = 2
size_flags_horizontal = 3

[node name="GmodPath" type="HBoxContainer" parent="Settings/TabContainer/Paths/VBoxContainer" unique_id=1439279019]
layout_mode = 2
script = ExtResource("4_lan5r")

[node name="Label" type="Label" parent="Settings/TabContainer/Paths/VBoxContainer/GmodPath" unique_id=1362943273]
layout_mode = 2
size_flags_horizontal = 3
text = "Garry's Mod Path"

[node name="LineEdit" type="LineEdit" parent="Settings/TabContainer/Paths/VBoxContainer/GmodPath" unique_id=544342694]
custom_minimum_size = Vector2(88, 0)
layout_mode = 2
size_flags_horizontal = 3

[node name="Load" type="Button" parent="Settings/TabContainer/Paths/VBoxContainer/GmodPath" unique_id=1633466971]
custom_minimum_size = Vector2(31, 0)
layout_mode = 2
icon = ExtResource("5_iopv7")
expand_icon = true
metadata/directory = false

[node name="StudioMDLPath" type="HBoxContainer" parent="Settings/TabContainer/Paths/VBoxContainer" unique_id=1902233638]
layout_mode = 2
script = ExtResource("4_lan5r")

[node name="Label" type="Label" parent="Settings/TabContainer/Paths/VBoxContainer/StudioMDLPath" unique_id=44871522]
layout_mode = 2
size_flags_horizontal = 3
text = "StudioMDL Path"

[node name="LineEdit" type="LineEdit" parent="Settings/TabContainer/Paths/VBoxContainer/StudioMDLPath" unique_id=233511194]
custom_minimum_size = Vector2(88, 0)
layout_mode = 2
size_flags_horizontal = 3

[node name="Load" type="Button" parent="Settings/TabContainer/Paths/VBoxContainer/StudioMDLPath" unique_id=1466509780]
custom_minimum_size = Vector2(31, 0)
layout_mode = 2
icon = ExtResource("5_iopv7")
expand_icon = true

[node name="GmadPath" type="HBoxContainer" parent="Settings/TabContainer/Paths/VBoxContainer" unique_id=2044956163]
layout_mode = 2
script = ExtResource("4_lan5r")

[node name="Label" type="Label" parent="Settings/TabContainer/Paths/VBoxContainer/GmadPath" unique_id=1182226811]
layout_mode = 2
size_flags_horizontal = 3
text = "GMAD Path"

[node name="LineEdit" type="LineEdit" parent="Settings/TabContainer/Paths/VBoxContainer/GmadPath" unique_id=1387910799]
custom_minimum_size = Vector2(88, 0)
layout_mode = 2
size_flags_horizontal = 3

[node name="Load" type="Button" parent="Settings/TabContainer/Paths/VBoxContainer/GmadPath" unique_id=1180265746]
custom_minimum_size = Vector2(31, 0)
layout_mode = 2
icon = ExtResource("5_iopv7")
expand_icon = true

[node name="VTFEditPath" type="HBoxContainer" parent="Settings/TabContainer/Paths/VBoxContainer" unique_id=140585190]
layout_mode = 2
script = ExtResource("4_lan5r")

[node name="Label" type="Label" parent="Settings/TabContainer/Paths/VBoxContainer/VTFEditPath" unique_id=1606408685]
layout_mode = 2
size_flags_horizontal = 3
text = "VTFCmd Path"

[node name="LineEdit" type="LineEdit" parent="Settings/TabContainer/Paths/VBoxContainer/VTFEditPath" unique_id=2858587]
custom_minimum_size = Vector2(88, 0)
layout_mode = 2
size_flags_horizontal = 3

[node name="Load" type="Button" parent="Settings/TabContainer/Paths/VBoxContainer/VTFEditPath" unique_id=434379435]
custom_minimum_size = Vector2(31, 0)
layout_mode = 2
icon = ExtResource("5_iopv7")
expand_icon = true

[node name="ExportProgress" type="Window" parent="." unique_id=2113871515]
oversampling_override = 1.0
initial_position = 2
size = Vector2i(300, 150)
visible = false

[node name="VBoxContainer" type="VBoxContainer" parent="ExportProgress" unique_id=1149845195]
anchors_preset = 15
anchor_right = 1.0
anchor_bottom = 1.0
offset_left = 12.0
offset_right = -12.0
grow_horizontal = 2
grow_vertical = 2

[node name="Action" type="Label" parent="ExportProgress/VBoxContainer" unique_id=205257105]
layout_mode = 2
size_flags_vertical = 6
text = "Exporting model..."
horizontal_alignment = 1

[node name="ProgressBar" type="ProgressBar" parent="ExportProgress/VBoxContainer" unique_id=1016241836]
layout_mode = 2
size_flags_vertical = 2

[node name="Background" type="ColorRect" parent="." unique_id=217470257]
anchors_preset = 15
anchor_right = 1.0
anchor_bottom = 1.0
grow_horizontal = 2
grow_vertical = 2
color = Color(0.06666667, 0.06666667, 0.06666667, 1)

[node name="Panels" type="HBoxContainer" parent="." unique_id=204363223]
anchors_preset = 15
anchor_right = 1.0
anchor_bottom = 1.0
offset_top = 39.0
grow_horizontal = 2
grow_vertical = 2

[node name="Control" type="Control" parent="Panels" unique_id=1811047047]
custom_minimum_size = Vector2(314, 0)
layout_mode = 2
size_flags_horizontal = 0

[node name="TabContainer" type="TabContainer" parent="Panels/Control" unique_id=264986254]
layout_mode = 1
anchors_preset = 15
anchor_right = 1.0
anchor_bottom = 1.0
grow_horizontal = 2
grow_vertical = 2
current_tab = 0

[node name="Skeleton" type="ScrollContainer" parent="Panels/Control/TabContainer" unique_id=278885828]
layout_mode = 2
horizontal_scroll_mode = 0
metadata/_tab_index = 0

[node name="Skeleton" type="VBoxContainer" parent="Panels/Control/TabContainer/Skeleton" unique_id=88914457]
layout_mode = 2
size_flags_horizontal = 6
size_flags_vertical = 0
script = ExtResource("3_arc6n")

[node name="Gizmo3D" type="Node3D" parent="Panels/Control/TabContainer/Skeleton/Skeleton" unique_id=605206963]
transform = Transform3D(1, 0, 0, 0, 1, 0, 0, 0, 1, 0, 0.3161557, 0)
visible = false
script = ExtResource("7_lmiwe")
mode = 2
use_local_space = true
metadata/_custom_type_script = "uid://e3f1ox6y6cvg"

[node name="Bones" type="FoldableContainer" parent="Panels/Control/TabContainer/Skeleton/Skeleton" unique_id=2026390524]
layout_mode = 2
title = "Bones"

[node name="Tree" type="Tree" parent="Panels/Control/TabContainer/Skeleton/Skeleton/Bones" unique_id=2137411272]
custom_minimum_size = Vector2(0, 300)
layout_mode = 2
allow_reselect = true
hide_root = true

[node name="Renaming" type="FoldableContainer" parent="Panels/Control/TabContainer/Skeleton/Skeleton" unique_id=1917218880]
layout_mode = 2
title = "Bone Posing and Naming"

[node name="VBoxContainer" type="VBoxContainer" parent="Panels/Control/TabContainer/Skeleton/Skeleton/Renaming" unique_id=376673408]
layout_mode = 2

[node name="Rename" type="HBoxContainer" parent="Panels/Control/TabContainer/Skeleton/Skeleton/Renaming/VBoxContainer" unique_id=1579056501]
layout_mode = 2
tooltip_text = "The application will analyse the armature and try to rename the bones to the Valve Biped structure. This is an important action to do.

This is estimated to work 90% of the time, the spine bones are more likely to require some renaming. Some armatures with unusual naming or structures may not work with this method

Some armatures that have bones parented in a way that the head doesn't lead up to the pelvis bone by going up may require manual ordering here"

